
natives_lizardmen = {
	graphical_culture = southamericagfx
	color = { 255  0  0 }
	icon = 6
	
	unit = lizardmen_01_inf_a
	
	provinces = {
		#Unsorted
		4367 4368 4370 4371 4372 4373 4374 4375 4383 4384 4385 4386 4387 4585 4586 4820 4821 
		4822 4829 4830 834 842 847 850 916 1037 1038 1039 1040 1042 1044 1045 1052 1053 1054 
		1055 1056 1199 1207 1988 1992 2004 2043 2262 2263 2363 2366 2392 2394  2435 2438
		2440 2445 2450 2451 2454 2457 2458 2460 2461 2465  2473 2474 2475 2491 2493
		2494 2498 2499 2500 2501 2504 2505 2507 2511 2514 2517 2518 2520 2521 2522 2523 2524 
		2820 2822 2930 2934 2935 4059 4063 4064 4152 4174 4176 4178 4179 4195 4217 4218 4227 
		4228 4229 4230 4231 4236 4238 4239 4240 4241 4242 4260 4261 4262 4263 4264 4265 4266 
		4267 4268 4269 4270 4271 4276 4277 4278 4280 4281 4282 4283 4284 4311 4330 4331 4332 
		4334 4335 4336 4337 4338 4339 4344 4345 4348 4349 4350 4351 4352 4353 4359 4360 4361 
		4363 4364 4365 4366
	}
}

natives_amazon = {
	graphical_culture = southamericagfx
	color = { 255  0  0 }
	icon = 5
	
	unit = amazon_01_inf_a
	
	provinces = {
		#Unsorted
		2373 2374 2372 2371 2367 2365 2456 2379 2378 2377 2452 2453 2288 2455 4221 2002 2347 2376 2393 2391 
	}
}

natives_orc = {
	graphical_culture = southamericagfx
	color = { 255  0  0 }
	icon = 1
	
	unit = orcish_01_inf_a
	
	provinces = {
		#Unsorted
		1201 1185 1183 1181 695 2339 4329 4328 4326 4325 4324 4323 4322 4321 4320 4319 
		4318 4317 4316 4299 2747 2746 2745 2744 2743 2742 2356 2355 2354 2353 2352 2329 
		2313 1099 1218 4376 1216
	}
}

natives_night_goblins = {
	graphical_culture = southamericagfx
	color = { 255  0  0 }
	icon = 2
	
	unit = orcish_01_inf_b
	
	provinces = {
		#Unsorted
		4434 4749 4413 4412 4439 4741 4415 4414 4734 4733 4736 4732 4747 4743 4417 4418 4419
		4416 4421 4746 4744 4745 4740 4737 4735 4435 4424 4530 4423 4738
	}
}


natives_skaven = {
	graphical_culture = southamericagfx
	color = { 255  0  0 }
	icon = 3
	
	unit = skaven_01_inf_a
	
	provinces = {
		#Unsorted
		992
	}
}

natives_beastmen = {
	graphical_culture = southamericagfx
	color = { 255  0  0 }
	icon = 4
	
	unit = orcish_01_inf_a
	
	provinces = {
		#Unsorted
		2110 2109 2108 2107 2106 921 4831 2626 2625 2624 2623 2622 2621 2620 2619 2618 2617
		2616 2615 2614 2613 2612 2611 2610 2609 2608 2607 2606 2605 2604 2603 2602 2601
		2600 2599 2595 2594 2305 2304 2303 2302 2301 2300 2127 2125 2124 2123 2122 2121 
		2459 2472  2404  2120 2119 2118 2117 2116 2115 2114 2113 2112 2111 2594
	}
}

natives_imperial = {
	graphical_culture = southamericagfx
	color = { 255  0  0 }
	icon = 1
	
	unit = imperial_1_free_company_militia
	
	provinces = {
		#just mordheim lol
		187
	}
}


natives_south_landers = {
	graphical_culture = africangfx
	color = { 255  0  0 }
	icon = 4
	
	unit = arabyn_1_inf_a
	
	provinces = {
		#Unsorted
		1223 2239 1224 1225 1226 1228 1229 1243 4200 4201
	}
}

natives_chaos_warriors = {
	graphical_culture = inuitgfx
	color = { 0 255  255 }
	icon = 4
	unit = chs_1_inf_a
	provinces = {
		1170 1817 2530 2572 2573 2575 2577 2578 2579 2581
		3193 3194 2583 2584 2532 2585 2533 2534 2535 2536
		2537 2538 1814 2140 4907 4906 2139 2138 2006 2503
		2525 2531 2568 2569 2571 4726 2074 2574 2576 2580
		2582 4620 4828 972 1050 1210 1211 1213 1217 1219
		1964 1987 1991 1997 2011 2098
		2146 2149 2150 2151 2153 2357 2539 2540 2541 2542
		2543 2544 2545 2546 2547 2548 2549 2550 2551 2552
		2553 2554 2555 2556 2557 2558 2559 2560 2561 2562
		2563 2564 2565 2570 2627 2628 2629 2630 2631 2632
		2633 2634 2635 2636 2637 2638 2639 2640 2641 2642
		2643 2644 2645 2646 2647 2648 2649 2650 2651 2652
		2653 2654 2655 2656 2657 2658 2659 2660 2661 2662
		2663 2664 2665 2666 2667 2668 2669 2670 2671 2672
		2673 2675 2676 2678 2679 2680 2681 2682
		2683 2684 2685 2686 2687 2689 2690 2691 2692
		2693 2694 2696 2697 2698 2699 2700 2701 2702
		2703 2704 2705 2706 2707 2708 2709 2710 2711 2712
		2713 2714 2715 2716 2717 2718 2719 2720 2722 2723
		2724 2725 2726 2727 2728 2729 2730 2731 2732 2733
		2734 2735 2736 2738 2739 2819 2821 2824 2885 4034
		4035 4036 4037 4038 4039 4040 4041 4042 4043 4044
		4045 4046 4047 4048 4049 4050 4051 4052 4053 4057
		4058 4060 4061 4062 4377 4378 4379 4380 4381 4382
		4459 4460 4727 2358 2508 2434 4728 4938 4947 4928
		4924 4929 4923 4926 3225 3226 3227 3224 3223 3234
		2025 2220 3238 789 1168 3236 3237 3228 3231 3230
		3229 3239 3235 3232 3233 3241 3245 3244 3242 3243 3248 3247 3246
		# 1751 1752 1808 1823
	}



}

